StartTime: 2023-09-19 09:58:49.285
address	Time(s)	ax(g)	ay(g)	az(g)	wx(deg/s)	wy(deg/s)	wz(deg/s)	AngleX(deg)	AngleY(deg)	AngleZ(deg)	T(°)	hx	hy	hz
0x50	 09:58:49.285	-0.2319	0.0557	0.9746	-0.5493	0.1831	-0.5493	-2.0435	-0.6921	92.6477	33.45	3477	-338	-4086
0x50	 09:58:49.390	-0.2290	0.0474	0.9722	-0.4272	-0.4883	0.1831	-2.1039	-0.7196	92.6147	33.42	3468	-332	-4082
0x50	 09:58:49.485	-0.2373	0.0552	0.9741	-0.1831	-0.8545	0.0000	-2.0544	-0.7361	92.6312	33.43	3481	-328	-4103
0x50	 09:58:49.604	-0.2241	0.0552	0.9795	-1.2207	-0.1831	0.1831	-2.1149	-0.7910	92.5873	33.43	3471	-327	-4076
0x50	 09:58:49.685	-0.1704	0.0493	0.9712	-2.0752	5.5542	-0.7324	-2.2412	-0.6647	92.5378	33.43	3482	-332	-4111
0x50	 09:58:49.784	-0.1206	0.0435	0.9351	2.7466	31.1890	-1.5259	-2.1698	0.7581	92.4719	33.46	3535	-324	-4072
0x50	 09:58:49.884	-0.1563	0.0459	0.8604	3.3569	80.5054	-3.2959	-1.8951	5.6689	92.5763	33.43	3771	-324	-4017
0x50	 09:58:49.984	-0.3379	0.0566	0.7178	10.9253	134.7046	-4.8828	-0.9888	15.5511	92.9938	33.43	4273	-379	-3822
0x50	 09:58:50.083	-0.7168	0.0850	0.5728	5.1880	148.3765	-12.0239	0.3790	29.2731	93.6255	33.47	4945	-430	-3370
0x50	 09:58:50.197	-1.0439	0.0757	0.4429	-5.4932	113.7085	-8.7891	0.8789	42.3029	94.1858	33.44	5565	-455	-2804
0x50	 09:58:50.283	-1.2090	0.0488	0.3379	-16.0522	55.5420	-13.5498	-0.5219	51.1633	93.8892	33.46	5977	-425	-2328
0x50	 09:58:50.424	-1.1255	-0.0229	0.2827	-7.9346	6.5918	-9.0332	-4.7021	54.4537	94.2902	33.46	6179	-354	-2117
0x50	 09:58:50.483	-1.1348	-0.0288	0.3184	4.1504	-21.6064	-2.6855	-6.7017	54.0582	98.2947	33.47	6228	-325	-2103
0x50	 09:58:50.586	-1.0581	-0.0249	0.3652	8.1177	-49.8657	3.8452	-6.5973	50.4657	103.8977	33.44	6168	-296	-2262
0x50	 09:58:50.682	-0.9512	-0.0029	0.4629	2.3193	-72.7539	12.1460	-5.4218	44.3353	110.5444	33.45	5963	-323	-2561
0x50	 09:58:50.804	-0.8496	0.0176	0.5894	-0.8545	-93.4448	12.9395	-4.3945	36.2933	116.5485	33.45	5628	-357	-2927
0x50	 09:58:50.881	-0.7134	0.0420	0.7031	2.0142	-116.0889	9.6436	-3.6749	26.2354	119.3774	33.43	5149	-367	-3347
0x50	 09:58:50.981	-0.4829	0.0557	0.7949	3.8452	-123.7183	4.8218	-2.8564	14.7437	119.1467	33.47	4526	-368	-3728
0x50	 09:58:51.080	-0.2310	0.0654	0.8545	8.3008	-102.6001	1.1597	-1.9006	4.1309	117.6910	33.46	3915	-367	-3964
0x50	 09:58:51.179	-0.0820	0.1094	0.9321	0.4272	-68.9697	-2.3193	-1.4392	-3.7518	115.6696	33.45	3394	-356	-4040
0x50	 09:58:51.279	-0.0059	0.1157	0.9600	-1.5869	-43.6401	-8.8501	-1.4172	-8.9923	113.1647	33.47	3063	-353	-4071
0x50	 09:58:51.402	0.0542	0.0942	0.9736	-0.8545	-23.1323	-9.7046	-1.5271	-12.2662	110.4675	33.42	2888	-328	-4088
0x50	 09:58:51.478	0.0723	0.0977	0.9775	-3.9673	-3.1128	-4.7607	-1.6425	-13.6340	108.3472	33.44	2825	-316	-4097
0x50	 09:58:51.578	0.0435	0.0664	0.9834	-8.1787	2.6855	-3.7842	-2.0874	-13.8208	106.7706	33.47	2834	-291	-4145
0x50	 09:58:51.678	-0.0054	0.0522	1.0029	-4.6997	9.3994	-5.3101	-2.6093	-13.2330	105.3094	33.48	2885	-260	-4134
