StartTime: 2023-09-19 14:25:39.058
address	Time(s)	ax(g)	ay(g)	az(g)	wx(deg/s)	wy(deg/s)	wz(deg/s)	AngleX(deg)	AngleY(deg)	AngleZ(deg)	T(°)	hx	hy	hz
0x50	 14:25:39.058	-0.0317	0.1089	0.9946	-0.4883	-0.4883	-0.0610	0.9998	-12.1893	16.3092	32.16	1839	4206	-6321
0x50	 14:25:39.156	-0.0322	0.1079	0.9961	-0.7324	-0.3052	0.0000	0.9943	-12.2168	16.4136	32.16	1840	4204	-6317
0x50	 14:25:39.257	-0.0371	0.1074	0.9966	-1.7700	1.0986	-0.3662	0.9283	-12.1838	16.4905	32.14	1829	4207	-6324
0x50	 14:25:39.357	-0.0391	0.1050	0.9990	-0.9155	-0.1221	-0.3662	0.8130	-12.1399	16.5839	32.16	1843	4209	-6327
0x50	 14:25:39.456	-0.0381	0.1055	0.9966	-0.4272	0.0000	0.3052	0.7910	-12.1509	16.6882	32.13	1843	4227	-6319
0x50	 14:25:39.556	-0.0410	0.1035	0.9971	-0.1221	-0.2441	0.3052	0.8130	-12.1454	16.7981	32.15	1843	4210	-6295
0x50	 14:25:39.655	-0.0381	0.1108	0.9951	-1.1597	0.3662	1.7700	0.7855	-12.1289	16.9519	32.18	1851	4207	-6291
0x50	 14:25:39.755	-0.0273	0.0991	0.9932	5.9814	3.6621	43.5791	0.9229	-12.2772	19.5996	32.19	1905	4241	-6310
0x50	 14:25:39.854	-0.0200	0.1445	0.9893	16.6626	9.8267	86.4868	2.3840	-12.3596	26.6144	32.16	2139	4235	-6338
0x50	 14:25:39.954	-0.0410	0.1807	0.9819	16.5405	4.9438	99.7314	4.4275	-13.0078	35.9912	32.20	2495	4165	-6399
0x50	 14:25:40.054	-0.0269	0.2109	0.9795	14.0991	5.4321	68.8477	6.1578	-13.9307	43.3301	32.17	2796	4036	-6433
0x50	 14:25:40.154	-0.0049	0.2358	0.9780	12.6953	8.4839	48.3398	7.2290	-14.4800	48.1311	32.16	3043	3904	-6493
0x50	 14:25:40.253	-0.0259	0.2505	0.9849	2.0752	6.7139	15.1367	7.9596	-14.3042	50.0098	32.14	3211	3796	-6511
0x50	 14:25:40.352	-0.0254	0.2280	0.9824	-1.7090	1.7090	3.6011	7.9816	-13.9581	49.6692	32.20	3306	3754	-6503
0x50	 14:25:40.452	-0.0293	0.2368	0.9771	-3.5400	2.6855	1.0376	7.8113	-13.8538	49.0155	32.14	3337	3757	-6514
0x50	 14:25:40.552	-0.0391	0.2183	0.9795	-3.7231	3.0518	-2.9297	7.5476	-13.5132	47.8180	32.17	3360	3775	-6505
0x50	 14:25:40.652	-0.0483	0.2144	0.9849	0.0000	0.0000	-4.3945	7.3718	-13.2001	46.6040	32.16	3364	3798	-6491
0x50	 14:25:40.752	-0.0435	0.2427	0.9854	-4.3945	-2.5635	-9.0942	7.2839	-13.1342	45.0110	32.20	3360	3818	-6484
0x50	 14:25:40.851	-0.0356	0.2041	0.9863	-9.6436	-2.1362	-27.4048	6.6742	-12.9529	42.5830	32.19	3307	3879	-6454
0x50	 14:25:40.951	-0.0527	0.2256	0.9873	-12.7563	-3.6011	-80.5054	5.7239	-12.1674	37.0953	32.18	3175	3970	-6441
