StartTime: 2023-09-19 14:24:04.393
address	Time(s)	ax(g)	ay(g)	az(g)	wx(deg/s)	wy(deg/s)	wz(deg/s)	AngleX(deg)	AngleY(deg)	AngleZ(deg)	T(°)	hx	hy	hz
0x50	 14:24:04.393	-0.0029	0.1206	0.9985	0.9155	0.6714	0.4883	1.6040	-14.5789	24.1205	29.59	2207	4384	-6320
0x50	 14:24:04.492	0.0054	0.1172	0.9956	0.3662	0.0000	0.2441	1.6479	-14.5569	24.1589	29.57	2243	4372	-6318
0x50	 14:24:04.592	0.0039	0.1230	0.9956	0.7935	0.9155	-0.6104	1.7303	-14.5074	24.1370	29.53	2235	4362	-6309
0x50	 14:24:04.692	0.0024	0.1182	0.9956	1.7700	1.2207	1.0986	1.8567	-14.3976	24.1589	29.58	2226	4351	-6313
0x50	 14:24:04.791	0.0132	0.1206	0.9902	0.5493	3.9063	19.5923	1.8292	-14.2767	25.1642	29.58	2266	4359	-6328
0x50	 14:24:04.891	0.0166	0.1299	0.9854	14.5264	-3.4790	75.5615	2.6312	-14.9194	30.3223	29.58	2427	4340	-6365
0x50	 14:24:04.991	0.0889	0.1938	0.9775	19.4702	-3.6011	107.4829	4.3286	-16.8530	39.3256	29.55	2655	4236	-6408
0x50	 14:24:05.090	0.1035	0.1816	0.9829	22.5830	-3.9673	144.4702	5.3668	-19.4788	51.9049	29.59	2978	4047	-6465
0x50	 14:24:05.190	0.0327	0.2314	0.9849	25.2686	13.9771	78.6133	7.3224	-20.4675	61.2927	29.59	3340	3715	-6518
0x50	 14:24:05.290	0.0786	0.2437	0.9785	-3.2959	5.7983	27.1606	7.6740	-20.7257	64.6436	29.60	3553	3504	-6535
0x50	 14:24:05.389	0.0830	0.2485	0.9971	3.3569	-0.3662	9.3384	7.7234	-20.8136	64.7040	29.60	3643	3452	-6562
0x50	 14:24:05.489	0.1396	0.2378	0.9639	-9.3384	1.0376	-25.0244	7.5751	-20.4840	62.3749	29.60	3660	3459	-6554
0x50	 14:24:05.589	0.0601	0.2578	0.9790	-11.9629	-5.3711	-81.0547	6.8884	-19.7589	56.4807	29.59	3562	3591	-6535
0x50	 14:24:05.688	0.0527	0.1875	0.9741	-30.9448	-9.3994	-160.2173	5.6030	-17.8473	43.5388	29.59	3292	3870	-6498
0x50	 14:24:05.788	0.0698	0.2031	0.9756	-22.0337	0.7324	-142.1509	3.4442	-15.6445	27.0483	29.66	2797	4198	-6404
0x50	 14:24:05.888	0.0049	0.1426	0.9858	-12.0850	8.9111	-81.3599	2.1478	-13.9691	17.9517	29.62	2443	4349	-6332
0x50	 14:24:05.987	-0.0073	0.1157	0.9937	-15.6860	2.0752	-49.4995	0.8459	-12.5958	11.1237	29.62	2221	4401	-6260
0x50	 14:24:06.087	-0.0557	0.0811	0.9956	-0.1221	4.3945	-8.0566	0.0989	-12.0630	9.6899	29.61	2126	4456	-6265
0x50	 14:24:06.186	-0.0591	0.0830	0.9995	0.0000	2.0142	-4.6997	0.2032	-11.6785	9.8657	29.63	2128	4462	-6275
0x50	 14:24:06.285	-0.0596	0.0879	0.9985	-0.7935	4.2725	-0.9155	0.0879	-11.4807	10.1129	29.62	2131	4468	-6257
0x50	 14:24:06.386	-0.0664	0.0811	1.0039	0.7324	-1.0376	1.7700	0.0824	-11.1951	10.7556	29.63	2153	4456	-6272
0x50	 14:24:06.485	-0.0396	0.1006	0.9893	0.3662	0.1221	8.1177	0.1208	-11.3489	11.6565	29.66	2168	4447	-6258
0x50	 14:24:06.585	-0.0513	0.0967	0.9976	5.0049	0.7324	4.5166	0.4999	-11.2720	12.8375	29.66	2202	4442	-6283
0x50	 14:24:06.685	-0.0615	0.0894	0.9995	1.3428	-5.0659	3.9063	0.6207	-11.4587	13.6011	29.67	2199	4419	-6261
0x50	 14:24:06.784	-0.0459	0.1069	0.9971	2.0142	-6.0425	-2.8687	0.7855	-11.9971	13.6670	29.66	2159	4397	-6270
0x50	 14:24:06.884	-0.0122	0.1040	0.9941	1.5869	-7.9346	1.2207	0.8514	-12.7661	14.0790	29.69	2098	4398	-6270
0x50	 14:24:06.984	-0.0083	0.1118	0.9932	-0.9766	0.4272	0.6104	0.7471	-13.0188	14.6283	29.66	2067	4394	-6295
0x50	 14:24:07.083	-0.0181	0.0942	0.9980	-1.1597	3.5400	14.6484	0.7251	-12.8210	16.1169	29.70	2100	4410	-6266
0x50	 14:24:07.183	-0.0327	0.0991	0.9985	-1.2817	3.4180	3.8452	0.4999	-12.5574	17.2211	29.66	2172	4423	-6280
0x50	 14:24:07.283	-0.0303	0.1035	0.9971	-0.0610	0.6714	-0.3052	0.5878	-12.5134	17.6166	29.66	2199	4437	-6265
0x50	 14:24:07.382	-0.0376	0.1021	0.9956	-0.8545	1.6479	0.9155	0.5054	-12.3761	17.9407	29.69	2210	4438	-6286
0x50	 14:24:07.482	-0.0342	0.1035	0.9956	-1.2207	0.6714	0.6714	0.4285	-12.2992	18.3087	29.67	2237	4455	-6278
0x50	 14:24:07.582	-0.0420	0.0942	0.9937	-2.1362	1.1597	0.8545	0.2966	-12.2168	18.6493	29.68	2238	4474	-6269
0x50	 14:24:07.681	-0.0464	0.0864	0.9976	-3.5400	0.1221	3.7842	0.0330	-12.1454	19.0723	29.68	2257	4492	-6259
0x50	 14:24:07.780	-0.0391	0.0898	0.9956	0.0000	0.3662	1.2817	-0.2362	-12.1124	19.4293	29.69	2276	4524	-6270
0x50	 14:24:07.880	-0.0396	0.0869	0.9980	-0.1831	-0.3662	1.5259	-0.1483	-12.1289	19.7205	29.71	2276	4541	-6239
